
muct_50_0-190.data: 0.1209122089697895

muct_50_1710-1886.data: 0.1137474798022267

muct_50_1330-1520.data: 0.11793214108122407

muct_50_1520-1710.data: 0.11804632272741522

muct_50_1140-1330.data: 0.11926275037208907

muct_50_950-1140.data: 0.11824162484327462

muct_50_0-190.data: 0.1209122089697895

muct_50_190-380.data: 0.11873360842980885

muct_50_380-570.data: 0.11677138299019856

muct_50_570-760.data: 0.11599790272982384

muct_50_760-950.data: 0.12500009653570351

muct_40_1710-1886.data: 0.11535531646940111

muct_40_0-190.data: 0.12216814094252613

muct_40_760-950.data: 0.1254997743588536

muct_40_1520-1710.data: 0.11850612676802436

muct_40_1330-1520.data: 0.11962912587325354

muct_40_950-1140.data: 0.11991091280112143

muct_40_380-570.data: 0.11742606314376139

muct_40_1140-1330.data: 0.12043295444994519

muct_40_570-760.data: 0.11724574477649577

muct_40_190-380.data: 0.11898134783534225

muct_30_1710-1886.data: 0.11749691196191359

muct_30_570-760.data: 0.11876712284982122

muct_30_1140-1330.data: 0.1221889096736753

muct_30_380-570.data: 0.11924677527892112

muct_30_190-380.data: 0.12114117408476828

muct_30_760-950.data: 0.12730644125825585

muct_30_0-190.data: 0.12352289204042621

muct_30_1330-1520.data: 0.12116641748945282

muct_30_1520-1710.data: 0.12066388993603795

muct_30_950-1140.data: 0.12108316966032119

helen_120_848-1060.data: 0.11679860010639415

helen_120_1484-1696.data: 0.11727171073181572

helen_120_424-646.data: 0.10972581754241943

helen_120_1060-1212.data: 0.11897532723333773

helen_120_212-424.data: 0.1541058680556545

helen_120_636-848.data: 0.11572813172966817

helen_120_1908-2125.data: 0.11884818821249646

helen_120_0-212.data: 0.11508341464204903

helen_120_1212-1484.data: 0.1154938927732673

helen_120_1696-1908.data: 0.11217080585425852

helen_100_848-1060.data: 0.11044303400824493

helen_100_636-848.data: 0.11056184577595783

helen_100_1908-2125.data: 0.11703505690510296

helen_100_1696-1908.data: 0.1150092014850561

helen_100_212-424.data: 0.1523439790625735

helen_100_0-212.data: 0.11616945528449878

helen_100_424-646.data: 0.11983204023023267

helen_100_1060-1212.data: 0.12032995061036691

helen_100_1484-1696.data: 0.10967076061546206

helen_100_1212-1484.data: 0.11137362962244886

helen_80_848-1060.data: 0.1883189624562187

helen_80_1908-2125.data: 0.2024473190133495

helen_80_1060-1212.data: 0.19198912005407634

helen_80_1212-1484.data: 0.18816173084917626

helen_80_1484-1696.data: 0.18876573448592662

helen_80_0-212.data: 0.19564640470805444

helen_80_1696-1908.data: 0.19139198196456764

helen_80_212-424.data: 0.23174620809356267

helen_80_636-848.data: 0.19465702760199807

helen_80_424-646.data: 0.19251844195566248